11
11
8
9
10
5
13
12
3
4
19
3
3
3
2
3
4
2
2
5
36
5
3
6
8
2
13
12
2
1
2
8
1
1
1
1
1
1
2
3
11
1
2
1
3
2
2
1
3
4
2
3
3
4
12
9
3
8
2
3
4
7
1
2
2
2
1
2
11
2
4
12
3
9
11
1
11
5
9
1
4
3
1
3
1
3
5
1
1
5
3
1
1
2
1
2
1
4
9
1
1
1
1
1
7
10
1
1
1
1
1
1
2
1
1
1
1
1
2
2
1
1
1
8
2
7
1
7
1
1
9
2
4
1
3
2
2
2
1
1
9
1
1
5
1
1
2
1
2
1
0
2
8
6
10
1
2
2
2
8
2
8
3
0
1
7
1
2
1
3
6
1
5
7
10
2
3
0
1
5
2
1
1
2
2
8
2
1
4
3
3
2
3
7
1
3
1
1
3
1
3
1
3
13
1
1
5
2
2
2
2
4
2
1
0
0
7
2
2
1
2
6
1
1
1
2
1
1
2
6
1
2
3
3
5
3
3
2
0
2
9
3
1
2
7
2
1
1
2
2
2
6
2
2
1
8
2
2
3
2
0
2
0
0
3
1
0
1
2
6
1
1
1
3
3
0
1
1
1
2
4
5
1
3
1
4
4
4
7
3
5
3
4
1
2
3
3
4
0
3
5
1
2
2
4
3
1
3
5
2
3
3
3
3
2
5
7
7
1
4
2
1
2
2
3
2
3
2
3
6
14
2
2
9
5
8
2
3
6
4
3
9
2
5
6
11
4
1
1
1
2
1
1
3
3
1
3
4
11
5
3
5
3
1
2
11
5
6
2
5
3
4
4
1
2
1
4
3
5
5
3
7
6
1
13
1
1
2
8
8
4
8
6
5
26
6
3
5
4
6
2
5
7
4
3
4
4
3
4
3
5
3
4
8
8
5
4
8
4
5
5
3
5
1
5
2
4
4
2
3
2
2
3
2
4
3
3
3
3
7
14
5
2
4
5
13
2
3
4
3
3
4
3
3
1
13
3
3
2
3
2
6
1
2
3
2
4
2
6
5
1
6
2
3
3
7
5
7
5
5
6
4
10
9
7
8
6
7
6
4
13
21
17
15
8
7
13
9
6
21
7
10
6
7
7
9
14
10
6
15
15
11
18
20
5
15
7
15
16
15
7
14
17
12
8
15
6
13
9
26
11
8
9
40
25
11
11
33
26
16
3
1
15
5
9
45
35
17
11
38
29
9
26
17
11
23
22
11
24
26
9
15
18
10
24
19
35
24
16
25
23
9
17
11
13
17
8
16
11
7
12
8
24
12
15
7
9
14
13
9
12
15
16
11
14
8
14
11
16
11
11
14
11
13
12
7
12
8
8
10
10
6
11
11
23
6
7
14
10
8
10
21
16
11
28
13
28
14
35
15
16
9
19
17
14
21
21
13
15
23
19
7
19
21
15
18
10
19
7
17
14
27
16
22
21
18
9
8
11
10
18
16
12
37
6
69
2
20
142
13
16
31
35
17
27
7
20
18
9
13
31
16
56
7
32
20
7
31
23
26
34
5
19
36
11
35
7
16
6
26
29
30
30
11
102
22
24
9
30
27
44
11
24
37
41
36
29
17
71
18
32
14
27
28
14
40
34
29
40
35
47
24
54
75
156
49
37
29
34
32
40
44
14
26
39
15
17
30
57
32
36
25
90
46
38
34
34
42
826
47
49
62
52
21
33
