     88 1229752606714728454
     13 308045021
     13 1475643712596168706
     11 1373739644
     10 877968869138329601
     10 308045021
     10 1373739644
      7 3300678755
      7 1387010761994682371
      7 1229752606714728454
      7 1046608631968538624
      5 956266072440635392
      4 956266072440635392
      4 746652122
      4 308045021
      4 308045021
      4 306832085
      4 2904241896
      4 19739126
      4 19739126
      4 1241938664
      3 956266072440635392
      3 956266072440635392
      3 956266072440635392
      3 94350709
      3 919828292387061761
      3 90732175
      3 79352723
      3 7767002
      3 775611351792222208
      3 728273994
      3 471426839
      3 39508140
      3 381685461
      3 351120282
      3 308045021
      3 29447428
      3 29447428
      3 29447428
      3 26347394
      3 26347394
      3 2530758806
      3 1443759943
      3 1387010761994682371
      3 1236324668640047105
